{
 "cells": [
  {
   "cell_type": "code",
   "execution_count": 1,
   "metadata": {
    "execution": {
     "iopub.execute_input": "2021-04-17T00:51:19.292967Z",
     "iopub.status.busy": "2021-04-17T00:51:19.292248Z",
     "iopub.status.idle": "2021-04-17T00:51:20.076483Z",
     "shell.execute_reply": "2021-04-17T00:51:20.076003Z"
    },
    "tags": []
   },
   "outputs": [
    {
     "data": {
      "text/html": [
       "<div style=\"text-align: right; text-style: italic\">Try this notebook on <a target=\"_blank\" href=\"https://mybinder.org/v2/gh/pwwang/datar/93d069f3ca36711fc811c61dcf60e9fc3d1460a5?filepath=docs%2Fnotebooks%2Farrange.ipynb\">binder</a>.</div>"
      ],
      "text/plain": [
       "<IPython.core.display.HTML object>"
      ]
     },
     "metadata": {},
     "output_type": "display_data"
    },
    {
     "data": {
      "text/markdown": [
       "### # arrange  "
      ],
      "text/plain": [
       "<IPython.core.display.Markdown object>"
      ]
     },
     "metadata": {},
     "output_type": "display_data"
    },
    {
     "data": {
      "text/markdown": [
       "##### orders the rows of a data frame by the values of selected columns.\n",
       "\n",
       "The original API:  \n",
       "https://dplyr.tidyverse.org/reference/arrange.html  \n",
       "\n",
       "##### Args:\n",
       "&emsp;&emsp;`_data`: A data frame  \n",
       "&emsp;&emsp;`*series`: Variables, or functions of variables.  \n",
       "&emsp;&emsp;&emsp;&emsp;Use desc() to sort a variable in descending order.  \n",
       "\n",
       "&emsp;&emsp;`_by_group`: If TRUE, will sort first by grouping variable.  \n",
       "&emsp;&emsp;&emsp;&emsp;Applies to grouped data frames only.  \n",
       "\n",
       "&emsp;&emsp;`**kwargs`: Name-value pairs that apply with mutate  \n",
       "\n",
       "##### Returns:\n",
       "&emsp;&emsp;An object of the same type as _data.  \n",
       "&emsp;&emsp;The output has the following properties:  \n",
       "&emsp;&emsp;&emsp;&emsp;All rows appear in the output, but (usually) in a different place.  \n",
       "&emsp;&emsp;&emsp;&emsp;Columns are not modified.  \n",
       "&emsp;&emsp;&emsp;&emsp;Groups are not modified.  \n",
       "&emsp;&emsp;&emsp;&emsp;Data frame attributes are preserved.  \n"
      ],
      "text/plain": [
       "<IPython.core.display.Markdown object>"
      ]
     },
     "metadata": {},
     "output_type": "display_data"
    }
   ],
   "source": [
    "from datar.datasets import mtcars, iris\n",
    "from datar.all import *\n",
    "\n",
    "%run nb_helpers.py\n",
    "nb_header(arrange)"
   ]
  },
  {
   "cell_type": "code",
   "execution_count": 2,
   "metadata": {
    "execution": {
     "iopub.execute_input": "2021-04-17T00:51:20.084586Z",
     "iopub.status.busy": "2021-04-17T00:51:20.083051Z",
     "iopub.status.idle": "2021-04-17T00:51:20.191022Z",
     "shell.execute_reply": "2021-04-17T00:51:20.190596Z"
    }
   },
   "outputs": [
    {
     "data": {
      "text/html": [
       "<div>\n",
       "<style scoped>\n",
       "    .dataframe tbody tr th:only-of-type {\n",
       "        vertical-align: middle;\n",
       "    }\n",
       "\n",
       "    .dataframe tbody tr th {\n",
       "        vertical-align: top;\n",
       "    }\n",
       "\n",
       "    .dataframe thead th {\n",
       "        text-align: right;\n",
       "    }\n",
       "</style>\n",
       "<table border=\"1\" class=\"dataframe\">\n",
       "  <thead>\n",
       "    <tr style=\"text-align: right;\">\n",
       "      <th></th>\n",
       "      <th>mpg</th>\n",
       "      <th>cyl</th>\n",
       "      <th>disp</th>\n",
       "      <th>hp</th>\n",
       "      <th>drat</th>\n",
       "      <th>wt</th>\n",
       "      <th>qsec</th>\n",
       "      <th>vs</th>\n",
       "      <th>am</th>\n",
       "      <th>gear</th>\n",
       "      <th>carb</th>\n",
       "    </tr>\n",
       "  </thead>\n",
       "  <tbody>\n",
       "    <tr>\n",
       "      <th>0</th>\n",
       "      <td>33.9</td>\n",
       "      <td>4</td>\n",
       "      <td>71.1</td>\n",
       "      <td>65</td>\n",
       "      <td>4.22</td>\n",
       "      <td>1.835</td>\n",
       "      <td>19.90</td>\n",
       "      <td>1</td>\n",
       "      <td>1</td>\n",
       "      <td>4</td>\n",
       "      <td>1</td>\n",
       "    </tr>\n",
       "    <tr>\n",
       "      <th>1</th>\n",
       "      <td>30.4</td>\n",
       "      <td>4</td>\n",
       "      <td>75.7</td>\n",
       "      <td>52</td>\n",
       "      <td>4.93</td>\n",
       "      <td>1.615</td>\n",
       "      <td>18.52</td>\n",
       "      <td>1</td>\n",
       "      <td>1</td>\n",
       "      <td>4</td>\n",
       "      <td>2</td>\n",
       "    </tr>\n",
       "    <tr>\n",
       "      <th>2</th>\n",
       "      <td>32.4</td>\n",
       "      <td>4</td>\n",
       "      <td>78.7</td>\n",
       "      <td>66</td>\n",
       "      <td>4.08</td>\n",
       "      <td>2.200</td>\n",
       "      <td>19.47</td>\n",
       "      <td>1</td>\n",
       "      <td>1</td>\n",
       "      <td>4</td>\n",
       "      <td>1</td>\n",
       "    </tr>\n",
       "    <tr>\n",
       "      <th>3</th>\n",
       "      <td>27.3</td>\n",
       "      <td>4</td>\n",
       "      <td>79.0</td>\n",
       "      <td>66</td>\n",
       "      <td>4.08</td>\n",
       "      <td>1.935</td>\n",
       "      <td>18.90</td>\n",
       "      <td>1</td>\n",
       "      <td>1</td>\n",
       "      <td>4</td>\n",
       "      <td>1</td>\n",
       "    </tr>\n",
       "    <tr>\n",
       "      <th>4</th>\n",
       "      <td>30.4</td>\n",
       "      <td>4</td>\n",
       "      <td>95.1</td>\n",
       "      <td>113</td>\n",
       "      <td>3.77</td>\n",
       "      <td>1.513</td>\n",
       "      <td>16.90</td>\n",
       "      <td>1</td>\n",
       "      <td>1</td>\n",
       "      <td>5</td>\n",
       "      <td>2</td>\n",
       "    </tr>\n",
       "    <tr>\n",
       "      <th>5</th>\n",
       "      <td>22.8</td>\n",
       "      <td>4</td>\n",
       "      <td>108.0</td>\n",
       "      <td>93</td>\n",
       "      <td>3.85</td>\n",
       "      <td>2.320</td>\n",
       "      <td>18.61</td>\n",
       "      <td>1</td>\n",
       "      <td>1</td>\n",
       "      <td>4</td>\n",
       "      <td>1</td>\n",
       "    </tr>\n",
       "    <tr>\n",
       "      <th>6</th>\n",
       "      <td>21.5</td>\n",
       "      <td>4</td>\n",
       "      <td>120.1</td>\n",
       "      <td>97</td>\n",
       "      <td>3.70</td>\n",
       "      <td>2.465</td>\n",
       "      <td>20.01</td>\n",
       "      <td>1</td>\n",
       "      <td>0</td>\n",
       "      <td>3</td>\n",
       "      <td>1</td>\n",
       "    </tr>\n",
       "    <tr>\n",
       "      <th>7</th>\n",
       "      <td>26.0</td>\n",
       "      <td>4</td>\n",
       "      <td>120.3</td>\n",
       "      <td>91</td>\n",
       "      <td>4.43</td>\n",
       "      <td>2.140</td>\n",
       "      <td>16.70</td>\n",
       "      <td>0</td>\n",
       "      <td>1</td>\n",
       "      <td>5</td>\n",
       "      <td>2</td>\n",
       "    </tr>\n",
       "    <tr>\n",
       "      <th>8</th>\n",
       "      <td>21.4</td>\n",
       "      <td>4</td>\n",
       "      <td>121.0</td>\n",
       "      <td>109</td>\n",
       "      <td>4.11</td>\n",
       "      <td>2.780</td>\n",
       "      <td>18.60</td>\n",
       "      <td>1</td>\n",
       "      <td>1</td>\n",
       "      <td>4</td>\n",
       "      <td>2</td>\n",
       "    </tr>\n",
       "    <tr>\n",
       "      <th>9</th>\n",
       "      <td>22.8</td>\n",
       "      <td>4</td>\n",
       "      <td>140.8</td>\n",
       "      <td>95</td>\n",
       "      <td>3.92</td>\n",
       "      <td>3.150</td>\n",
       "      <td>22.90</td>\n",
       "      <td>1</td>\n",
       "      <td>0</td>\n",
       "      <td>4</td>\n",
       "      <td>2</td>\n",
       "    </tr>\n",
       "    <tr>\n",
       "      <th>10</th>\n",
       "      <td>24.4</td>\n",
       "      <td>4</td>\n",
       "      <td>146.7</td>\n",
       "      <td>62</td>\n",
       "      <td>3.69</td>\n",
       "      <td>3.190</td>\n",
       "      <td>20.00</td>\n",
       "      <td>1</td>\n",
       "      <td>0</td>\n",
       "      <td>4</td>\n",
       "      <td>2</td>\n",
       "    </tr>\n",
       "    <tr>\n",
       "      <th>11</th>\n",
       "      <td>19.7</td>\n",
       "      <td>6</td>\n",
       "      <td>145.0</td>\n",
       "      <td>175</td>\n",
       "      <td>3.62</td>\n",
       "      <td>2.770</td>\n",
       "      <td>15.50</td>\n",
       "      <td>0</td>\n",
       "      <td>1</td>\n",
       "      <td>5</td>\n",
       "      <td>6</td>\n",
       "    </tr>\n",
       "    <tr>\n",
       "      <th>12</th>\n",
       "      <td>21.0</td>\n",
       "      <td>6</td>\n",
       "      <td>160.0</td>\n",
       "      <td>110</td>\n",
       "      <td>3.90</td>\n",
       "      <td>2.620</td>\n",
       "      <td>16.46</td>\n",
       "      <td>0</td>\n",
       "      <td>1</td>\n",
       "      <td>4</td>\n",
       "      <td>4</td>\n",
       "    </tr>\n",
       "    <tr>\n",
       "      <th>13</th>\n",
       "      <td>21.0</td>\n",
       "      <td>6</td>\n",
       "      <td>160.0</td>\n",
       "      <td>110</td>\n",
       "      <td>3.90</td>\n",
       "      <td>2.875</td>\n",
       "      <td>17.02</td>\n",
       "      <td>0</td>\n",
       "      <td>1</td>\n",
       "      <td>4</td>\n",
       "      <td>4</td>\n",
       "    </tr>\n",
       "    <tr>\n",
       "      <th>14</th>\n",
       "      <td>19.2</td>\n",
       "      <td>6</td>\n",
       "      <td>167.6</td>\n",
       "      <td>123</td>\n",
       "      <td>3.92</td>\n",
       "      <td>3.440</td>\n",
       "      <td>18.30</td>\n",
       "      <td>1</td>\n",
       "      <td>0</td>\n",
       "      <td>4</td>\n",
       "      <td>4</td>\n",
       "    </tr>\n",
       "    <tr>\n",
       "      <th>15</th>\n",
       "      <td>17.8</td>\n",
       "      <td>6</td>\n",
       "      <td>167.6</td>\n",
       "      <td>123</td>\n",
       "      <td>3.92</td>\n",
       "      <td>3.440</td>\n",
       "      <td>18.90</td>\n",
       "      <td>1</td>\n",
       "      <td>0</td>\n",
       "      <td>4</td>\n",
       "      <td>4</td>\n",
       "    </tr>\n",
       "    <tr>\n",
       "      <th>16</th>\n",
       "      <td>18.1</td>\n",
       "      <td>6</td>\n",
       "      <td>225.0</td>\n",
       "      <td>105</td>\n",
       "      <td>2.76</td>\n",
       "      <td>3.460</td>\n",
       "      <td>20.22</td>\n",
       "      <td>1</td>\n",
       "      <td>0</td>\n",
       "      <td>3</td>\n",
       "      <td>1</td>\n",
       "    </tr>\n",
       "    <tr>\n",
       "      <th>17</th>\n",
       "      <td>21.4</td>\n",
       "      <td>6</td>\n",
       "      <td>258.0</td>\n",
       "      <td>110</td>\n",
       "      <td>3.08</td>\n",
       "      <td>3.215</td>\n",
       "      <td>19.44</td>\n",
       "      <td>1</td>\n",
       "      <td>0</td>\n",
       "      <td>3</td>\n",
       "      <td>1</td>\n",
       "    </tr>\n",
       "    <tr>\n",
       "      <th>18</th>\n",
       "      <td>16.4</td>\n",
       "      <td>8</td>\n",
       "      <td>275.8</td>\n",
       "      <td>180</td>\n",
       "      <td>3.07</td>\n",
       "      <td>4.070</td>\n",
       "      <td>17.40</td>\n",
       "      <td>0</td>\n",
       "      <td>0</td>\n",
       "      <td>3</td>\n",
       "      <td>3</td>\n",
       "    </tr>\n",
       "    <tr>\n",
       "      <th>19</th>\n",
       "      <td>17.3</td>\n",
       "      <td>8</td>\n",
       "      <td>275.8</td>\n",
       "      <td>180</td>\n",
       "      <td>3.07</td>\n",
       "      <td>3.730</td>\n",
       "      <td>17.60</td>\n",
       "      <td>0</td>\n",
       "      <td>0</td>\n",
       "      <td>3</td>\n",
       "      <td>3</td>\n",
       "    </tr>\n",
       "    <tr>\n",
       "      <th>20</th>\n",
       "      <td>15.2</td>\n",
       "      <td>8</td>\n",
       "      <td>275.8</td>\n",
       "      <td>180</td>\n",
       "      <td>3.07</td>\n",
       "      <td>3.780</td>\n",
       "      <td>18.00</td>\n",
       "      <td>0</td>\n",
       "      <td>0</td>\n",
       "      <td>3</td>\n",
       "      <td>3</td>\n",
       "    </tr>\n",
       "    <tr>\n",
       "      <th>21</th>\n",
       "      <td>15.0</td>\n",
       "      <td>8</td>\n",
       "      <td>301.0</td>\n",
       "      <td>335</td>\n",
       "      <td>3.54</td>\n",
       "      <td>3.570</td>\n",
       "      <td>14.60</td>\n",
       "      <td>0</td>\n",
       "      <td>1</td>\n",
       "      <td>5</td>\n",
       "      <td>8</td>\n",
       "    </tr>\n",
       "    <tr>\n",
       "      <th>22</th>\n",
       "      <td>15.2</td>\n",
       "      <td>8</td>\n",
       "      <td>304.0</td>\n",
       "      <td>150</td>\n",
       "      <td>3.15</td>\n",
       "      <td>3.435</td>\n",
       "      <td>17.30</td>\n",
       "      <td>0</td>\n",
       "      <td>0</td>\n",
       "      <td>3</td>\n",
       "      <td>2</td>\n",
       "    </tr>\n",
       "    <tr>\n",
       "      <th>23</th>\n",
       "      <td>15.5</td>\n",
       "      <td>8</td>\n",
       "      <td>318.0</td>\n",
       "      <td>150</td>\n",
       "      <td>2.76</td>\n",
       "      <td>3.520</td>\n",
       "      <td>16.87</td>\n",
       "      <td>0</td>\n",
       "      <td>0</td>\n",
       "      <td>3</td>\n",
       "      <td>2</td>\n",
       "    </tr>\n",
       "    <tr>\n",
       "      <th>24</th>\n",
       "      <td>13.3</td>\n",
       "      <td>8</td>\n",
       "      <td>350.0</td>\n",
       "      <td>245</td>\n",
       "      <td>3.73</td>\n",
       "      <td>3.840</td>\n",
       "      <td>15.41</td>\n",
       "      <td>0</td>\n",
       "      <td>0</td>\n",
       "      <td>3</td>\n",
       "      <td>4</td>\n",
       "    </tr>\n",
       "    <tr>\n",
       "      <th>25</th>\n",
       "      <td>15.8</td>\n",
       "      <td>8</td>\n",
       "      <td>351.0</td>\n",
       "      <td>264</td>\n",
       "      <td>4.22</td>\n",
       "      <td>3.170</td>\n",
       "      <td>14.50</td>\n",
       "      <td>0</td>\n",
       "      <td>1</td>\n",
       "      <td>5</td>\n",
       "      <td>4</td>\n",
       "    </tr>\n",
       "    <tr>\n",
       "      <th>26</th>\n",
       "      <td>18.7</td>\n",
       "      <td>8</td>\n",
       "      <td>360.0</td>\n",
       "      <td>175</td>\n",
       "      <td>3.15</td>\n",
       "      <td>3.440</td>\n",
       "      <td>17.02</td>\n",
       "      <td>0</td>\n",
       "      <td>0</td>\n",
       "      <td>3</td>\n",
       "      <td>2</td>\n",
       "    </tr>\n",
       "    <tr>\n",
       "      <th>27</th>\n",
       "      <td>14.3</td>\n",
       "      <td>8</td>\n",
       "      <td>360.0</td>\n",
       "      <td>245</td>\n",
       "      <td>3.21</td>\n",
       "      <td>3.570</td>\n",
       "      <td>15.84</td>\n",
       "      <td>0</td>\n",
       "      <td>0</td>\n",
       "      <td>3</td>\n",
       "      <td>4</td>\n",
       "    </tr>\n",
       "    <tr>\n",
       "      <th>28</th>\n",
       "      <td>19.2</td>\n",
       "      <td>8</td>\n",
       "      <td>400.0</td>\n",
       "      <td>175</td>\n",
       "      <td>3.08</td>\n",
       "      <td>3.845</td>\n",
       "      <td>17.05</td>\n",
       "      <td>0</td>\n",
       "      <td>0</td>\n",
       "      <td>3</td>\n",
       "      <td>2</td>\n",
       "    </tr>\n",
       "    <tr>\n",
       "      <th>29</th>\n",
       "      <td>14.7</td>\n",
       "      <td>8</td>\n",
       "      <td>440.0</td>\n",
       "      <td>230</td>\n",
       "      <td>3.23</td>\n",
       "      <td>5.345</td>\n",
       "      <td>17.42</td>\n",
       "      <td>0</td>\n",
       "      <td>0</td>\n",
       "      <td>3</td>\n",
       "      <td>4</td>\n",
       "    </tr>\n",
       "    <tr>\n",
       "      <th>30</th>\n",
       "      <td>10.4</td>\n",
       "      <td>8</td>\n",
       "      <td>460.0</td>\n",
       "      <td>215</td>\n",
       "      <td>3.00</td>\n",
       "      <td>5.424</td>\n",
       "      <td>17.82</td>\n",
       "      <td>0</td>\n",
       "      <td>0</td>\n",
       "      <td>3</td>\n",
       "      <td>4</td>\n",
       "    </tr>\n",
       "    <tr>\n",
       "      <th>31</th>\n",
       "      <td>10.4</td>\n",
       "      <td>8</td>\n",
       "      <td>472.0</td>\n",
       "      <td>205</td>\n",
       "      <td>2.93</td>\n",
       "      <td>5.250</td>\n",
       "      <td>17.98</td>\n",
       "      <td>0</td>\n",
       "      <td>0</td>\n",
       "      <td>3</td>\n",
       "      <td>4</td>\n",
       "    </tr>\n",
       "  </tbody>\n",
       "</table>\n",
       "</div>"
      ],
      "text/plain": [
       "     mpg  cyl   disp   hp  drat     wt   qsec  vs  am  gear  carb\n",
       "0   33.9    4   71.1   65  4.22  1.835  19.90   1   1     4     1\n",
       "1   30.4    4   75.7   52  4.93  1.615  18.52   1   1     4     2\n",
       "2   32.4    4   78.7   66  4.08  2.200  19.47   1   1     4     1\n",
       "3   27.3    4   79.0   66  4.08  1.935  18.90   1   1     4     1\n",
       "4   30.4    4   95.1  113  3.77  1.513  16.90   1   1     5     2\n",
       "5   22.8    4  108.0   93  3.85  2.320  18.61   1   1     4     1\n",
       "6   21.5    4  120.1   97  3.70  2.465  20.01   1   0     3     1\n",
       "7   26.0    4  120.3   91  4.43  2.140  16.70   0   1     5     2\n",
       "8   21.4    4  121.0  109  4.11  2.780  18.60   1   1     4     2\n",
       "9   22.8    4  140.8   95  3.92  3.150  22.90   1   0     4     2\n",
       "10  24.4    4  146.7   62  3.69  3.190  20.00   1   0     4     2\n",
       "11  19.7    6  145.0  175  3.62  2.770  15.50   0   1     5     6\n",
       "12  21.0    6  160.0  110  3.90  2.620  16.46   0   1     4     4\n",
       "13  21.0    6  160.0  110  3.90  2.875  17.02   0   1     4     4\n",
       "14  19.2    6  167.6  123  3.92  3.440  18.30   1   0     4     4\n",
       "15  17.8    6  167.6  123  3.92  3.440  18.90   1   0     4     4\n",
       "16  18.1    6  225.0  105  2.76  3.460  20.22   1   0     3     1\n",
       "17  21.4    6  258.0  110  3.08  3.215  19.44   1   0     3     1\n",
       "18  16.4    8  275.8  180  3.07  4.070  17.40   0   0     3     3\n",
       "19  17.3    8  275.8  180  3.07  3.730  17.60   0   0     3     3\n",
       "20  15.2    8  275.8  180  3.07  3.780  18.00   0   0     3     3\n",
       "21  15.0    8  301.0  335  3.54  3.570  14.60   0   1     5     8\n",
       "22  15.2    8  304.0  150  3.15  3.435  17.30   0   0     3     2\n",
       "23  15.5    8  318.0  150  2.76  3.520  16.87   0   0     3     2\n",
       "24  13.3    8  350.0  245  3.73  3.840  15.41   0   0     3     4\n",
       "25  15.8    8  351.0  264  4.22  3.170  14.50   0   1     5     4\n",
       "26  18.7    8  360.0  175  3.15  3.440  17.02   0   0     3     2\n",
       "27  14.3    8  360.0  245  3.21  3.570  15.84   0   0     3     4\n",
       "28  19.2    8  400.0  175  3.08  3.845  17.05   0   0     3     2\n",
       "29  14.7    8  440.0  230  3.23  5.345  17.42   0   0     3     4\n",
       "30  10.4    8  460.0  215  3.00  5.424  17.82   0   0     3     4\n",
       "31  10.4    8  472.0  205  2.93  5.250  17.98   0   0     3     4"
      ]
     },
     "execution_count": 1,
     "metadata": {},
     "output_type": "execute_result"
    }
   ],
   "source": [
    "arrange(mtcars, f.cyl, f.disp)"
   ]
  },
  {
   "cell_type": "code",
   "execution_count": 3,
   "metadata": {
    "execution": {
     "iopub.execute_input": "2021-04-17T00:51:20.216228Z",
     "iopub.status.busy": "2021-04-17T00:51:20.206804Z",
     "iopub.status.idle": "2021-04-17T00:51:20.221095Z",
     "shell.execute_reply": "2021-04-17T00:51:20.220669Z"
    }
   },
   "outputs": [
    {
     "data": {
      "text/html": [
       "<div>\n",
       "<style scoped>\n",
       "    .dataframe tbody tr th:only-of-type {\n",
       "        vertical-align: middle;\n",
       "    }\n",
       "\n",
       "    .dataframe tbody tr th {\n",
       "        vertical-align: top;\n",
       "    }\n",
       "\n",
       "    .dataframe thead th {\n",
       "        text-align: right;\n",
       "    }\n",
       "</style>\n",
       "<table border=\"1\" class=\"dataframe\">\n",
       "  <thead>\n",
       "    <tr style=\"text-align: right;\">\n",
       "      <th></th>\n",
       "      <th>mpg</th>\n",
       "      <th>cyl</th>\n",
       "      <th>disp</th>\n",
       "      <th>hp</th>\n",
       "      <th>drat</th>\n",
       "      <th>wt</th>\n",
       "      <th>qsec</th>\n",
       "      <th>vs</th>\n",
       "      <th>am</th>\n",
       "      <th>gear</th>\n",
       "      <th>carb</th>\n",
       "    </tr>\n",
       "  </thead>\n",
       "  <tbody>\n",
       "    <tr>\n",
       "      <th>0</th>\n",
       "      <td>10.4</td>\n",
       "      <td>8</td>\n",
       "      <td>472.0</td>\n",
       "      <td>205</td>\n",
       "      <td>2.93</td>\n",
       "      <td>5.250</td>\n",
       "      <td>17.98</td>\n",
       "      <td>0</td>\n",
       "      <td>0</td>\n",
       "      <td>3</td>\n",
       "      <td>4</td>\n",
       "    </tr>\n",
       "    <tr>\n",
       "      <th>1</th>\n",
       "      <td>10.4</td>\n",
       "      <td>8</td>\n",
       "      <td>460.0</td>\n",
       "      <td>215</td>\n",
       "      <td>3.00</td>\n",
       "      <td>5.424</td>\n",
       "      <td>17.82</td>\n",
       "      <td>0</td>\n",
       "      <td>0</td>\n",
       "      <td>3</td>\n",
       "      <td>4</td>\n",
       "    </tr>\n",
       "    <tr>\n",
       "      <th>2</th>\n",
       "      <td>14.7</td>\n",
       "      <td>8</td>\n",
       "      <td>440.0</td>\n",
       "      <td>230</td>\n",
       "      <td>3.23</td>\n",
       "      <td>5.345</td>\n",
       "      <td>17.42</td>\n",
       "      <td>0</td>\n",
       "      <td>0</td>\n",
       "      <td>3</td>\n",
       "      <td>4</td>\n",
       "    </tr>\n",
       "    <tr>\n",
       "      <th>3</th>\n",
       "      <td>19.2</td>\n",
       "      <td>8</td>\n",
       "      <td>400.0</td>\n",
       "      <td>175</td>\n",
       "      <td>3.08</td>\n",
       "      <td>3.845</td>\n",
       "      <td>17.05</td>\n",
       "      <td>0</td>\n",
       "      <td>0</td>\n",
       "      <td>3</td>\n",
       "      <td>2</td>\n",
       "    </tr>\n",
       "    <tr>\n",
       "      <th>4</th>\n",
       "      <td>18.7</td>\n",
       "      <td>8</td>\n",
       "      <td>360.0</td>\n",
       "      <td>175</td>\n",
       "      <td>3.15</td>\n",
       "      <td>3.440</td>\n",
       "      <td>17.02</td>\n",
       "      <td>0</td>\n",
       "      <td>0</td>\n",
       "      <td>3</td>\n",
       "      <td>2</td>\n",
       "    </tr>\n",
       "    <tr>\n",
       "      <th>5</th>\n",
       "      <td>14.3</td>\n",
       "      <td>8</td>\n",
       "      <td>360.0</td>\n",
       "      <td>245</td>\n",
       "      <td>3.21</td>\n",
       "      <td>3.570</td>\n",
       "      <td>15.84</td>\n",
       "      <td>0</td>\n",
       "      <td>0</td>\n",
       "      <td>3</td>\n",
       "      <td>4</td>\n",
       "    </tr>\n",
       "    <tr>\n",
       "      <th>6</th>\n",
       "      <td>15.8</td>\n",
       "      <td>8</td>\n",
       "      <td>351.0</td>\n",
       "      <td>264</td>\n",
       "      <td>4.22</td>\n",
       "      <td>3.170</td>\n",
       "      <td>14.50</td>\n",
       "      <td>0</td>\n",
       "      <td>1</td>\n",
       "      <td>5</td>\n",
       "      <td>4</td>\n",
       "    </tr>\n",
       "    <tr>\n",
       "      <th>7</th>\n",
       "      <td>13.3</td>\n",
       "      <td>8</td>\n",
       "      <td>350.0</td>\n",
       "      <td>245</td>\n",
       "      <td>3.73</td>\n",
       "      <td>3.840</td>\n",
       "      <td>15.41</td>\n",
       "      <td>0</td>\n",
       "      <td>0</td>\n",
       "      <td>3</td>\n",
       "      <td>4</td>\n",
       "    </tr>\n",
       "    <tr>\n",
       "      <th>8</th>\n",
       "      <td>15.5</td>\n",
       "      <td>8</td>\n",
       "      <td>318.0</td>\n",
       "      <td>150</td>\n",
       "      <td>2.76</td>\n",
       "      <td>3.520</td>\n",
       "      <td>16.87</td>\n",
       "      <td>0</td>\n",
       "      <td>0</td>\n",
       "      <td>3</td>\n",
       "      <td>2</td>\n",
       "    </tr>\n",
       "    <tr>\n",
       "      <th>9</th>\n",
       "      <td>15.2</td>\n",
       "      <td>8</td>\n",
       "      <td>304.0</td>\n",
       "      <td>150</td>\n",
       "      <td>3.15</td>\n",
       "      <td>3.435</td>\n",
       "      <td>17.30</td>\n",
       "      <td>0</td>\n",
       "      <td>0</td>\n",
       "      <td>3</td>\n",
       "      <td>2</td>\n",
       "    </tr>\n",
       "    <tr>\n",
       "      <th>10</th>\n",
       "      <td>15.0</td>\n",
       "      <td>8</td>\n",
       "      <td>301.0</td>\n",
       "      <td>335</td>\n",
       "      <td>3.54</td>\n",
       "      <td>3.570</td>\n",
       "      <td>14.60</td>\n",
       "      <td>0</td>\n",
       "      <td>1</td>\n",
       "      <td>5</td>\n",
       "      <td>8</td>\n",
       "    </tr>\n",
       "    <tr>\n",
       "      <th>11</th>\n",
       "      <td>16.4</td>\n",
       "      <td>8</td>\n",
       "      <td>275.8</td>\n",
       "      <td>180</td>\n",
       "      <td>3.07</td>\n",
       "      <td>4.070</td>\n",
       "      <td>17.40</td>\n",
       "      <td>0</td>\n",
       "      <td>0</td>\n",
       "      <td>3</td>\n",
       "      <td>3</td>\n",
       "    </tr>\n",
       "    <tr>\n",
       "      <th>12</th>\n",
       "      <td>17.3</td>\n",
       "      <td>8</td>\n",
       "      <td>275.8</td>\n",
       "      <td>180</td>\n",
       "      <td>3.07</td>\n",
       "      <td>3.730</td>\n",
       "      <td>17.60</td>\n",
       "      <td>0</td>\n",
       "      <td>0</td>\n",
       "      <td>3</td>\n",
       "      <td>3</td>\n",
       "    </tr>\n",
       "    <tr>\n",
       "      <th>13</th>\n",
       "      <td>15.2</td>\n",
       "      <td>8</td>\n",
       "      <td>275.8</td>\n",
       "      <td>180</td>\n",
       "      <td>3.07</td>\n",
       "      <td>3.780</td>\n",
       "      <td>18.00</td>\n",
       "      <td>0</td>\n",
       "      <td>0</td>\n",
       "      <td>3</td>\n",
       "      <td>3</td>\n",
       "    </tr>\n",
       "    <tr>\n",
       "      <th>14</th>\n",
       "      <td>21.4</td>\n",
       "      <td>6</td>\n",
       "      <td>258.0</td>\n",
       "      <td>110</td>\n",
       "      <td>3.08</td>\n",
       "      <td>3.215</td>\n",
       "      <td>19.44</td>\n",
       "      <td>1</td>\n",
       "      <td>0</td>\n",
       "      <td>3</td>\n",
       "      <td>1</td>\n",
       "    </tr>\n",
       "    <tr>\n",
       "      <th>15</th>\n",
       "      <td>18.1</td>\n",
       "      <td>6</td>\n",
       "      <td>225.0</td>\n",
       "      <td>105</td>\n",
       "      <td>2.76</td>\n",
       "      <td>3.460</td>\n",
       "      <td>20.22</td>\n",
       "      <td>1</td>\n",
       "      <td>0</td>\n",
       "      <td>3</td>\n",
       "      <td>1</td>\n",
       "    </tr>\n",
       "    <tr>\n",
       "      <th>16</th>\n",
       "      <td>19.2</td>\n",
       "      <td>6</td>\n",
       "      <td>167.6</td>\n",
       "      <td>123</td>\n",
       "      <td>3.92</td>\n",
       "      <td>3.440</td>\n",
       "      <td>18.30</td>\n",
       "      <td>1</td>\n",
       "      <td>0</td>\n",
       "      <td>4</td>\n",
       "      <td>4</td>\n",
       "    </tr>\n",
       "    <tr>\n",
       "      <th>17</th>\n",
       "      <td>17.8</td>\n",
       "      <td>6</td>\n",
       "      <td>167.6</td>\n",
       "      <td>123</td>\n",
       "      <td>3.92</td>\n",
       "      <td>3.440</td>\n",
       "      <td>18.90</td>\n",
       "      <td>1</td>\n",
       "      <td>0</td>\n",
       "      <td>4</td>\n",
       "      <td>4</td>\n",
       "    </tr>\n",
       "    <tr>\n",
       "      <th>18</th>\n",
       "      <td>21.0</td>\n",
       "      <td>6</td>\n",
       "      <td>160.0</td>\n",
       "      <td>110</td>\n",
       "      <td>3.90</td>\n",
       "      <td>2.620</td>\n",
       "      <td>16.46</td>\n",
       "      <td>0</td>\n",
       "      <td>1</td>\n",
       "      <td>4</td>\n",
       "      <td>4</td>\n",
       "    </tr>\n",
       "    <tr>\n",
       "      <th>19</th>\n",
       "      <td>21.0</td>\n",
       "      <td>6</td>\n",
       "      <td>160.0</td>\n",
       "      <td>110</td>\n",
       "      <td>3.90</td>\n",
       "      <td>2.875</td>\n",
       "      <td>17.02</td>\n",
       "      <td>0</td>\n",
       "      <td>1</td>\n",
       "      <td>4</td>\n",
       "      <td>4</td>\n",
       "    </tr>\n",
       "    <tr>\n",
       "      <th>20</th>\n",
       "      <td>24.4</td>\n",
       "      <td>4</td>\n",
       "      <td>146.7</td>\n",
       "      <td>62</td>\n",
       "      <td>3.69</td>\n",
       "      <td>3.190</td>\n",
       "      <td>20.00</td>\n",
       "      <td>1</td>\n",
       "      <td>0</td>\n",
       "      <td>4</td>\n",
       "      <td>2</td>\n",
       "    </tr>\n",
       "    <tr>\n",
       "      <th>21</th>\n",
       "      <td>19.7</td>\n",
       "      <td>6</td>\n",
       "      <td>145.0</td>\n",
       "      <td>175</td>\n",
       "      <td>3.62</td>\n",
       "      <td>2.770</td>\n",
       "      <td>15.50</td>\n",
       "      <td>0</td>\n",
       "      <td>1</td>\n",
       "      <td>5</td>\n",
       "      <td>6</td>\n",
       "    </tr>\n",
       "    <tr>\n",
       "      <th>22</th>\n",
       "      <td>22.8</td>\n",
       "      <td>4</td>\n",
       "      <td>140.8</td>\n",
       "      <td>95</td>\n",
       "      <td>3.92</td>\n",
       "      <td>3.150</td>\n",
       "      <td>22.90</td>\n",
       "      <td>1</td>\n",
       "      <td>0</td>\n",
       "      <td>4</td>\n",
       "      <td>2</td>\n",
       "    </tr>\n",
       "    <tr>\n",
       "      <th>23</th>\n",
       "      <td>21.4</td>\n",
       "      <td>4</td>\n",
       "      <td>121.0</td>\n",
       "      <td>109</td>\n",
       "      <td>4.11</td>\n",
       "      <td>2.780</td>\n",
       "      <td>18.60</td>\n",
       "      <td>1</td>\n",
       "      <td>1</td>\n",
       "      <td>4</td>\n",
       "      <td>2</td>\n",
       "    </tr>\n",
       "    <tr>\n",
       "      <th>24</th>\n",
       "      <td>26.0</td>\n",
       "      <td>4</td>\n",
       "      <td>120.3</td>\n",
       "      <td>91</td>\n",
       "      <td>4.43</td>\n",
       "      <td>2.140</td>\n",
       "      <td>16.70</td>\n",
       "      <td>0</td>\n",
       "      <td>1</td>\n",
       "      <td>5</td>\n",
       "      <td>2</td>\n",
       "    </tr>\n",
       "    <tr>\n",
       "      <th>25</th>\n",
       "      <td>21.5</td>\n",
       "      <td>4</td>\n",
       "      <td>120.1</td>\n",
       "      <td>97</td>\n",
       "      <td>3.70</td>\n",
       "      <td>2.465</td>\n",
       "      <td>20.01</td>\n",
       "      <td>1</td>\n",
       "      <td>0</td>\n",
       "      <td>3</td>\n",
       "      <td>1</td>\n",
       "    </tr>\n",
       "    <tr>\n",
       "      <th>26</th>\n",
       "      <td>22.8</td>\n",
       "      <td>4</td>\n",
       "      <td>108.0</td>\n",
       "      <td>93</td>\n",
       "      <td>3.85</td>\n",
       "      <td>2.320</td>\n",
       "      <td>18.61</td>\n",
       "      <td>1</td>\n",
       "      <td>1</td>\n",
       "      <td>4</td>\n",
       "      <td>1</td>\n",
       "    </tr>\n",
       "    <tr>\n",
       "      <th>27</th>\n",
       "      <td>30.4</td>\n",
       "      <td>4</td>\n",
       "      <td>95.1</td>\n",
       "      <td>113</td>\n",
       "      <td>3.77</td>\n",
       "      <td>1.513</td>\n",
       "      <td>16.90</td>\n",
       "      <td>1</td>\n",
       "      <td>1</td>\n",
       "      <td>5</td>\n",
       "      <td>2</td>\n",
       "    </tr>\n",
       "    <tr>\n",
       "      <th>28</th>\n",
       "      <td>27.3</td>\n",
       "      <td>4</td>\n",
       "      <td>79.0</td>\n",
       "      <td>66</td>\n",
       "      <td>4.08</td>\n",
       "      <td>1.935</td>\n",
       "      <td>18.90</td>\n",
       "      <td>1</td>\n",
       "      <td>1</td>\n",
       "      <td>4</td>\n",
       "      <td>1</td>\n",
       "    </tr>\n",
       "    <tr>\n",
       "      <th>29</th>\n",
       "      <td>32.4</td>\n",
       "      <td>4</td>\n",
       "      <td>78.7</td>\n",
       "      <td>66</td>\n",
       "      <td>4.08</td>\n",
       "      <td>2.200</td>\n",
       "      <td>19.47</td>\n",
       "      <td>1</td>\n",
       "      <td>1</td>\n",
       "      <td>4</td>\n",
       "      <td>1</td>\n",
       "    </tr>\n",
       "    <tr>\n",
       "      <th>30</th>\n",
       "      <td>30.4</td>\n",
       "      <td>4</td>\n",
       "      <td>75.7</td>\n",
       "      <td>52</td>\n",
       "      <td>4.93</td>\n",
       "      <td>1.615</td>\n",
       "      <td>18.52</td>\n",
       "      <td>1</td>\n",
       "      <td>1</td>\n",
       "      <td>4</td>\n",
       "      <td>2</td>\n",
       "    </tr>\n",
       "    <tr>\n",
       "      <th>31</th>\n",
       "      <td>33.9</td>\n",
       "      <td>4</td>\n",
       "      <td>71.1</td>\n",
       "      <td>65</td>\n",
       "      <td>4.22</td>\n",
       "      <td>1.835</td>\n",
       "      <td>19.90</td>\n",
       "      <td>1</td>\n",
       "      <td>1</td>\n",
       "      <td>4</td>\n",
       "      <td>1</td>\n",
       "    </tr>\n",
       "  </tbody>\n",
       "</table>\n",
       "</div>"
      ],
      "text/plain": [
       "     mpg  cyl   disp   hp  drat     wt   qsec  vs  am  gear  carb\n",
       "0   10.4    8  472.0  205  2.93  5.250  17.98   0   0     3     4\n",
       "1   10.4    8  460.0  215  3.00  5.424  17.82   0   0     3     4\n",
       "2   14.7    8  440.0  230  3.23  5.345  17.42   0   0     3     4\n",
       "3   19.2    8  400.0  175  3.08  3.845  17.05   0   0     3     2\n",
       "4   18.7    8  360.0  175  3.15  3.440  17.02   0   0     3     2\n",
       "5   14.3    8  360.0  245  3.21  3.570  15.84   0   0     3     4\n",
       "6   15.8    8  351.0  264  4.22  3.170  14.50   0   1     5     4\n",
       "7   13.3    8  350.0  245  3.73  3.840  15.41   0   0     3     4\n",
       "8   15.5    8  318.0  150  2.76  3.520  16.87   0   0     3     2\n",
       "9   15.2    8  304.0  150  3.15  3.435  17.30   0   0     3     2\n",
       "10  15.0    8  301.0  335  3.54  3.570  14.60   0   1     5     8\n",
       "11  16.4    8  275.8  180  3.07  4.070  17.40   0   0     3     3\n",
       "12  17.3    8  275.8  180  3.07  3.730  17.60   0   0     3     3\n",
       "13  15.2    8  275.8  180  3.07  3.780  18.00   0   0     3     3\n",
       "14  21.4    6  258.0  110  3.08  3.215  19.44   1   0     3     1\n",
       "15  18.1    6  225.0  105  2.76  3.460  20.22   1   0     3     1\n",
       "16  19.2    6  167.6  123  3.92  3.440  18.30   1   0     4     4\n",
       "17  17.8    6  167.6  123  3.92  3.440  18.90   1   0     4     4\n",
       "18  21.0    6  160.0  110  3.90  2.620  16.46   0   1     4     4\n",
       "19  21.0    6  160.0  110  3.90  2.875  17.02   0   1     4     4\n",
       "20  24.4    4  146.7   62  3.69  3.190  20.00   1   0     4     2\n",
       "21  19.7    6  145.0  175  3.62  2.770  15.50   0   1     5     6\n",
       "22  22.8    4  140.8   95  3.92  3.150  22.90   1   0     4     2\n",
       "23  21.4    4  121.0  109  4.11  2.780  18.60   1   1     4     2\n",
       "24  26.0    4  120.3   91  4.43  2.140  16.70   0   1     5     2\n",
       "25  21.5    4  120.1   97  3.70  2.465  20.01   1   0     3     1\n",
       "26  22.8    4  108.0   93  3.85  2.320  18.61   1   1     4     1\n",
       "27  30.4    4   95.1  113  3.77  1.513  16.90   1   1     5     2\n",
       "28  27.3    4   79.0   66  4.08  1.935  18.90   1   1     4     1\n",
       "29  32.4    4   78.7   66  4.08  2.200  19.47   1   1     4     1\n",
       "30  30.4    4   75.7   52  4.93  1.615  18.52   1   1     4     2\n",
       "31  33.9    4   71.1   65  4.22  1.835  19.90   1   1     4     1"
      ]
     },
     "execution_count": 1,
     "metadata": {},
     "output_type": "execute_result"
    }
   ],
   "source": [
    "mtcars >> arrange(desc(f.disp))"
   ]
  },
  {
   "cell_type": "code",
   "execution_count": 4,
   "metadata": {
    "execution": {
     "iopub.execute_input": "2021-04-17T00:51:20.225796Z",
     "iopub.status.busy": "2021-04-17T00:51:20.225194Z",
     "iopub.status.idle": "2021-04-17T00:51:20.279254Z",
     "shell.execute_reply": "2021-04-17T00:51:20.278843Z"
    }
   },
   "outputs": [
    {
     "data": {
      "text/html": [
       "<div>\n",
       "<style scoped>\n",
       "    .dataframe tbody tr th:only-of-type {\n",
       "        vertical-align: middle;\n",
       "    }\n",
       "\n",
       "    .dataframe tbody tr th {\n",
       "        vertical-align: top;\n",
       "    }\n",
       "\n",
       "    .dataframe thead th {\n",
       "        text-align: right;\n",
       "    }\n",
       "</style>\n",
       "<table border=\"1\" class=\"dataframe\">\n",
       "  <thead>\n",
       "    <tr style=\"text-align: right;\">\n",
       "      <th></th>\n",
       "      <th>mpg</th>\n",
       "      <th>cyl</th>\n",
       "      <th>disp</th>\n",
       "      <th>hp</th>\n",
       "      <th>drat</th>\n",
       "      <th>wt</th>\n",
       "      <th>qsec</th>\n",
       "      <th>vs</th>\n",
       "      <th>am</th>\n",
       "      <th>gear</th>\n",
       "      <th>carb</th>\n",
       "    </tr>\n",
       "  </thead>\n",
       "  <tbody>\n",
       "    <tr>\n",
       "      <th>0</th>\n",
       "      <td>10.4</td>\n",
       "      <td>8</td>\n",
       "      <td>460.0</td>\n",
       "      <td>215</td>\n",
       "      <td>3.00</td>\n",
       "      <td>5.424</td>\n",
       "      <td>17.82</td>\n",
       "      <td>0</td>\n",
       "      <td>0</td>\n",
       "      <td>3</td>\n",
       "      <td>4</td>\n",
       "    </tr>\n",
       "    <tr>\n",
       "      <th>1</th>\n",
       "      <td>14.7</td>\n",
       "      <td>8</td>\n",
       "      <td>440.0</td>\n",
       "      <td>230</td>\n",
       "      <td>3.23</td>\n",
       "      <td>5.345</td>\n",
       "      <td>17.42</td>\n",
       "      <td>0</td>\n",
       "      <td>0</td>\n",
       "      <td>3</td>\n",
       "      <td>4</td>\n",
       "    </tr>\n",
       "    <tr>\n",
       "      <th>2</th>\n",
       "      <td>10.4</td>\n",
       "      <td>8</td>\n",
       "      <td>472.0</td>\n",
       "      <td>205</td>\n",
       "      <td>2.93</td>\n",
       "      <td>5.250</td>\n",
       "      <td>17.98</td>\n",
       "      <td>0</td>\n",
       "      <td>0</td>\n",
       "      <td>3</td>\n",
       "      <td>4</td>\n",
       "    </tr>\n",
       "    <tr>\n",
       "      <th>3</th>\n",
       "      <td>16.4</td>\n",
